0.25541950113378686 2
0.6965986394557823 2
2.5541950113378684 2
3.877732426303855 2
4.31891156462585 2
5.944308390022676 2
6.246167800453515 2
7.151746031746032 2
9.613061224489796 2
10.193560090702947 2
13.328253968253968 2
13.79265306122449 2
15.62702947845805 2
16.973786848072564 2
17.39174603174603 2
19.017142857142858 2
19.319002267573698 2
20.224580498866214 2
22.68589569160998 2
23.26639455782313 2
26.424308390022677 2
26.865487528344673 2
27.538866213151927 1
28.69986394557823 2
29.00172335600907 2
29.280362811791385 2
29.837641723356008 3
30.464580498866212 2
30.975419501133786 2
32.08997732426304 2
32.41505668934241 2
33.29741496598639 2
35.75873015873016 2
36.33922902494331 2
38.45224489795918 3
39.03274376417234 3
39.3578231292517 1
39.938321995464854 2
39.9847619047619 3
41.77269841269841 2
43.119455782312926 2
43.53741496598639 2
44.535873015873015 3
45.00027210884354 2
45.16281179138322 2
45.48789115646259 2
46.37024943310658 2
48.854784580498865 2
49.412063492063496 2
52.082358276643994 2
53.011156462585035 2
54.05605442176871 2
54.590113378684805 2
54.68299319727891 1
56.610249433106574 2
57.53904761904762 1
58.096326530612245 1
58.2356462585034 2
58.56072562358277 2
59.44308390022676 2
61.92761904761905 2
62.5081179138322 2
65.10875283446713 2
66.08399092970521 2
67.08244897959183 2
67.9415873015873 2
68.33632653061224 2
68.75428571428571 2
69.68308390022676 2
70.65832199546485 1
70.9601814058957 2
71.28526077097506 1
71.65678004535147 2
72.53913832199547 2
73.53759637188209 1
75.00045351473923 2
75.58095238095238 2
79.1568253968254 2
80.99120181405895 2
82.33795918367348 2
82.75591836734694 2
84.38131519274377 2
84.70639455782313 2
85.61197278911564 2
88.07328798185941 2
88.65378684807256 2
91.0918820861678 1
91.32408163265306 0
92.25287981859411 2
92.6940589569161 2
92.99591836734695 3
93.71573696145124 3
94.18013605442177 3
95.85197278911565 2
96.78077097505668 1
97.08263038548753 1
97.43092970521542 3
97.73278911564626 2
98.45260770975057 1
99.31174603174603 1
101.1461224489796 2
101.72662131519274 1
102.28390022675737 1
102.88761904761905 3
103.16625850340137 1
103.72353741496599 3
104.95419501133787 3
105.32571428571428 3
105.8829931972789 1
107.16009070294784 2
108.55328798185941 1
110.55020408163266 2
110.8520634920635 2
111.757641723356 2
114.21895691609977 2
114.79945578231292 2
115.70503401360544 3
116.28553287981859 1
116.61061224489796 3
116.9124716553288 3
117.21433106575964 2
117.51619047619047 1
117.8877097505669 3
118.39854875283447 2
118.93260770975057 1
120.23292517006803 2
121.34748299319727 1
121.99764172335601 1
122.60136054421768 1
122.7871201814059 1
123.18185941043085 1
123.62303854875283 2
123.83201814058957 1
124.83047619047619 2
124.92335600907029 1
125.92181405895691 1
126.50231292517007 1
127.10603174603175 1
127.17569160997732 1
127.52399092970522 2
127.6865306122449 1
127.89551020408163 1
128.63854875283448 2
129.77632653061224 2
130.5193650793651 1
131.47138321995465 2
132.00544217687076 1
133.86303854875283 1
134.07201814058956 2
134.93115646258502 2
135.0704761904762 2
135.83673469387756 1
136.69587301587302 2
137.0209523809524 2
137.90331065759636 2
138.34448979591838 1
138.94820861678005 3
139.6215873015873 1
139.9931065759637 0
140.38784580498867 2
140.45750566893423 3
140.8754648526077 3
140.9683446712018 1
141.36308390022677 0
141.43274376417233 1
141.52562358276643 0
141.59528344671202 3
141.78104308390022 1
141.87392290249434 0
141.9435827664399 3
142.05968253968254 0
142.12934240362813 1
142.38476190476192 1
142.45442176870748 1
142.57052154195011 0
142.6401814058957 3
142.7330612244898 0
142.80272108843536 3
142.96526077097505 3
143.12780045351474 0
143.22068027210884 0
143.29034013605443 0
143.38321995464852 0
143.4528798185941 0
143.5457596371882 0
143.6154195011338 0
143.7082993197279 0
143.77795918367346 3
143.84761904761905 0
143.94049886621315 0
144.03337868480725 3
144.10303854875283 0
144.19591836734693 0
144.26557823129252 0
144.35845804988662 0
144.4281179138322 0
144.59065759637187 0
144.66031746031746 1
144.75319727891156 1
144.82285714285715 0
144.89251700680273 0
144.98539682539683 0
145.0550566893424 0
145.14793650793652 0
145.21759637188208 0
145.31047619047618 0
145.4033560090703 0
145.47301587301587 0
145.5891156462585 1
145.72843537414965 1
145.82131519274375 1
145.89097505668934 1
145.96063492063493 1
146.05351473922903 1
146.1231746031746 1
146.21605442176872 1
146.28571428571428 1
146.37859410430838 1
146.54113378684806 0
146.61079365079365 1
146.70367346938775 1
146.77333333333334 1
146.86621315192744 1
146.93587301587303 1
147.02875283446713 1
147.0984126984127 1
147.19129251700681 1
147.26095238095238 1
147.35383219954647 1
147.42349206349206 1
147.49315192743765 1
147.58603174603175 1
147.6556916099773 1
147.74857142857144 1
147.818231292517 1
147.9111111111111 1
147.98077097505669 1
148.14331065759637 1
148.21297052154196 1
148.30585034013606 1
148.37551020408162 1
148.46839002267575 1
148.5380498866213 1
148.6309297052154 1
148.86312925170068 1
149.02566893424037 1
149.09532879818593 1
149.18820861678006 3
149.28108843537416 1
149.582947845805 1
149.72226757369614 1
150.79038548752834 1
150.95292517006803 1
151.09224489795918 0
151.25478458049886 1
151.78884353741498 1
151.95138321995464 3
152.20680272108842 1
153.2517006802721 1
153.46068027210885 1
153.62321995464853 3
154.041179138322 2
155.82911564625851 2
155.94521541950112 1
156.31673469387755 3
156.6185941043084 3
157.45451247165533 1
157.61705215419502 2
158.01179138321996 1
160.79818594104307 2
161.21614512471655 2
161.3554648526077 1
162.44680272108843 1
162.63256235827666 2
162.84154195011337 2
163.16662131519274 2
164.04897959183674 2
165.20997732426304 2
166.53351473922902 2
167.11401360544218 2
170.6898866213152 2
172.52426303854875 2
173.87102040816328 2
174.28897959183672 2
175.91437641723357 2
176.23945578231292 2
177.14503401360545 2
179.6063492063492 2
180.18684807256236 2
183.76272108843537 2
185.62031746031747 2
187.38503401360543 2
189.01043083900225 2
189.31229024943312 2
190.21786848072563 2
192.6791836734694 2
193.25968253968253 2
0 -1